ÏµÊý (coefficients):[[ 0.31993045 -0.45496927  0.34585667]]
½Ø¾à (intercept):[0.22246335]
MSE:0.24402327374941396
RMSE:0.4939871190116337
MAE:0.4776047837394873
